-1839423582
336427355
773633198
1571233946
1282851315
-2125772432
-342697162
-1841312216
1512175485
-366789635
-949841503
-1724303152
302726867
976860559
1204852633
-921145538
-1355980489
-1489086308
-185173061
-1333001723
950502132
1944778012
622620010
-1283155432
1763260901
-388404786
1788501732
-1520990798
-1552377655
-1402349530
391054254
-771724495
-1042530242
939202399
-799393793
-1154624221
-1260980835
-121842976
-21120402
678886653
368719745
413268723
-532450661
-1725319296
1251032199
1160860284
2124126301
1692134391
-1670406588
1305224567
2002719490
-427020849
-568517104
-1791376059
332982295
-607825890
28272333
-1677494413
2052302171
824698946
-738607065
1128774266
1658546270
-1695775010
977601485
2003336169
748041388
-981112523
-1818663066
262416484
-786957458
1142336172
2023222845
1491340520
-265778495
1948311137
4747896
-643961229
-1787101691
-2002640964
-2073349199
1354336447
839667654
-758158524
-1877189878
-937690715
146762638
-1937603877
115644527
-595608085
393405957
-1681149931
-602091960
1490254860
-1487011529
-254523879
-971994604
432266374
-2051455997
-576891044
1267271273
-241900898
-426440247
-1488787551
1074867875
-811376597
1274220506
-1269815174
376872178
-1858608958
45720258
1008831890
-230376445
-1178026869
148945717
-394027191
-606300308
-1142059667
-951456232
-1416820351
-1721442635
-1167170461
-327968573
-1804060163
1805510830
539401256
-1836331785
853924315
1148778267
-180322922
1834123773
-2028271228
